&INPUT
    asr='simple',
    amass(1)=22.9898,
    amass(2)=35.453,
    flfrc='NaCl333.fc',
    flfrq='NaCl.freq'
    q_in_cryst_coord=.true.,
 /
 198
        0.0000000000    0.0000000000    0.0000000000    1.0
        0.0000000000    0.0000000000   -0.0185185185    1.0
        0.0000000000    0.0000000000   -0.0370370370    1.0
        0.0000000000    0.0000000000   -0.0555555556    1.0
        0.0000000000    0.0000000000   -0.0740740741    1.0
        0.0000000000    0.0000000000   -0.0925925926    1.0
        0.0000000000    0.0000000000   -0.1111111111    1.0
        0.0000000000    0.0000000000   -0.1296296296    1.0
        0.0000000000    0.0000000000   -0.1481481481    1.0
        0.0000000000    0.0000000000   -0.1666666667    1.0
        0.0000000000    0.0000000000   -0.1851851852    1.0
        0.0000000000    0.0000000000   -0.2037037037    1.0
        0.0000000000    0.0000000000   -0.2222222222    1.0
        0.0000000000    0.0000000000   -0.2407407407    1.0
        0.0000000000    0.0000000000   -0.2592592593    1.0
        0.0000000000    0.0000000000   -0.2777777778    1.0
        0.0000000000    0.0000000000   -0.2962962963    1.0
        0.0000000000    0.0000000000   -0.3148148148    1.0
        0.0000000000    0.0000000000   -0.3333333333    1.0
        0.0000000000    0.0000000000   -0.3518518519    1.0
        0.0000000000    0.0000000000   -0.3703703704    1.0
        0.0000000000    0.0000000000   -0.3888888889    1.0
        0.0000000000    0.0000000000   -0.4074074074    1.0
        0.0000000000    0.0000000000   -0.4259259259    1.0
        0.0000000000    0.0000000000   -0.4444444444    1.0
        0.0000000000    0.0000000000   -0.4629629630    1.0
        0.0000000000    0.0000000000   -0.4814814815    1.0
        0.0000000000    0.0000000000   -0.5000000000    1.0
        0.0197368421    0.0000000000   -0.4934210526    1.0
        0.0394736842    0.0000000000   -0.4868421053    1.0
        0.0592105263    0.0000000000   -0.4802631579    1.0
        0.0789473684    0.0000000000   -0.4736842105    1.0
        0.0986842105    0.0000000000   -0.4671052632    1.0
        0.1184210526    0.0000000000   -0.4605263158    1.0
        0.1381578947    0.0000000000   -0.4539473684    1.0
        0.1578947368    0.0000000000   -0.4473684211    1.0
        0.1776315789    0.0000000000   -0.4407894737    1.0
        0.1973684211    0.0000000000   -0.4342105263    1.0
        0.2171052632    0.0000000000   -0.4276315789    1.0
        0.2368421053    0.0000000000   -0.4210526316    1.0
        0.2565789474    0.0000000000   -0.4144736842    1.0
        0.2763157895    0.0000000000   -0.4078947368    1.0
        0.2960526316    0.0000000000   -0.4013157895    1.0
        0.3157894737    0.0000000000   -0.3947368421    1.0
        0.3355263158    0.0000000000   -0.3881578947    1.0
        0.3552631579    0.0000000000   -0.3815789474    1.0
        0.3750000000    0.0000000000   -0.3750000000    1.0
        0.3636363636    0.0000000000   -0.3636363636    1.0
        0.3522727273    0.0000000000   -0.3522727273    1.0
        0.3409090909    0.0000000000   -0.3409090909    1.0
        0.3295454545    0.0000000000   -0.3295454545    1.0
        0.3181818182    0.0000000000   -0.3181818182    1.0
        0.3068181818    0.0000000000   -0.3068181818    1.0
        0.2954545455    0.0000000000   -0.2954545455    1.0
        0.2840909091    0.0000000000   -0.2840909091    1.0
        0.2727272727    0.0000000000   -0.2727272727    1.0
        0.2613636364    0.0000000000   -0.2613636364    1.0
        0.2500000000    0.0000000000   -0.2500000000    1.0
        0.2386363636    0.0000000000   -0.2386363636    1.0
        0.2272727273    0.0000000000   -0.2272727273    1.0
        0.2159090909    0.0000000000   -0.2159090909    1.0
        0.2045454545    0.0000000000   -0.2045454545    1.0
        0.1931818182    0.0000000000   -0.1931818182    1.0
        0.1818181818    0.0000000000   -0.1818181818    1.0
        0.1704545455    0.0000000000   -0.1704545455    1.0
        0.1590909091    0.0000000000   -0.1590909091    1.0
        0.1477272727    0.0000000000   -0.1477272727    1.0
        0.1363636364    0.0000000000   -0.1363636364    1.0
        0.1250000000    0.0000000000   -0.1250000000    1.0
        0.1136363636    0.0000000000   -0.1136363636    1.0
        0.1022727273    0.0000000000   -0.1022727273    1.0
        0.0909090909    0.0000000000   -0.0909090909    1.0
        0.0795454545    0.0000000000   -0.0795454545    1.0
        0.0681818182    0.0000000000   -0.0681818182    1.0
        0.0568181818    0.0000000000   -0.0568181818    1.0
        0.0454545455    0.0000000000   -0.0454545455    1.0
        0.0340909091    0.0000000000   -0.0340909091    1.0
        0.0227272727    0.0000000000   -0.0227272727    1.0
        0.0113636364    0.0000000000   -0.0113636364    1.0
        0.0000000000    0.0000000000    0.0000000000    1.0
        0.0161290323    0.0161290323    0.0000000000    1.0
        0.0322580645    0.0322580645    0.0000000000    1.0
        0.0483870968    0.0483870968    0.0000000000    1.0
        0.0645161290    0.0645161290    0.0000000000    1.0
        0.0806451613    0.0806451613    0.0000000000    1.0
        0.0967741935    0.0967741935    0.0000000000    1.0
        0.1129032258    0.1129032258    0.0000000000    1.0
        0.1290322581    0.1290322581    0.0000000000    1.0
        0.1451612903    0.1451612903    0.0000000000    1.0
        0.1612903226    0.1612903226    0.0000000000    1.0
        0.1774193548    0.1774193548    0.0000000000    1.0
        0.1935483871    0.1935483871    0.0000000000    1.0
        0.2096774194    0.2096774194    0.0000000000    1.0
        0.2258064516    0.2258064516    0.0000000000    1.0
        0.2419354839    0.2419354839    0.0000000000    1.0
        0.2580645161    0.2580645161    0.0000000000    1.0
        0.2741935484    0.2741935484    0.0000000000    1.0
        0.2903225806    0.2903225806    0.0000000000    1.0
        0.3064516129    0.3064516129    0.0000000000    1.0
        0.3225806452    0.3225806452    0.0000000000    1.0
        0.3387096774    0.3387096774    0.0000000000    1.0
        0.3548387097    0.3548387097    0.0000000000    1.0
        0.3709677419    0.3709677419    0.0000000000    1.0
        0.3870967742    0.3870967742    0.0000000000    1.0
        0.4032258065    0.4032258065    0.0000000000    1.0
        0.4193548387    0.4193548387    0.0000000000    1.0
        0.4354838710    0.4354838710    0.0000000000    1.0
        0.4516129032    0.4516129032    0.0000000000    1.0
        0.4677419355    0.4677419355    0.0000000000    1.0
        0.4838709677    0.4838709677    0.0000000000    1.0
        0.5000000000    0.5000000000   -0.0000000000    1.0
        0.4886363636    0.4886363636   -0.0227272727    1.0
        0.4772727273    0.4772727273   -0.0454545455    1.0
        0.4659090909    0.4659090909   -0.0681818182    1.0
        0.4545454545    0.4545454545   -0.0909090909    1.0
        0.4431818182    0.4431818182   -0.1136363636    1.0
        0.4318181818    0.4318181818   -0.1363636364    1.0
        0.4204545455    0.4204545455   -0.1590909091    1.0
        0.4090909091    0.4090909091   -0.1818181818    1.0
        0.3977272727    0.3977272727   -0.2045454545    1.0
        0.3863636364    0.3863636364   -0.2272727273    1.0
        0.3750000000    0.3750000000   -0.2500000000    1.0
        0.3552631579    0.3552631579   -0.2631578947    1.0
        0.3355263158    0.3355263158   -0.2763157895    1.0
        0.3157894737    0.3157894737   -0.2894736842    1.0
        0.2960526316    0.2960526316   -0.3026315789    1.0
        0.2763157895    0.2763157895   -0.3157894737    1.0
        0.2565789474    0.2565789474   -0.3289473684    1.0
        0.2368421053    0.2368421053   -0.3421052632    1.0
        0.2171052632    0.2171052632   -0.3552631579    1.0
        0.1973684211    0.1973684211   -0.3684210526    1.0
        0.1776315789    0.1776315789   -0.3815789474    1.0
        0.1578947368    0.1578947368   -0.3947368421    1.0
        0.1381578947    0.1381578947   -0.4078947368    1.0
        0.1184210526    0.1184210526   -0.4210526316    1.0
        0.0986842105    0.0986842105   -0.4342105263    1.0
        0.0789473684    0.0789473684   -0.4473684211    1.0
        0.0592105263    0.0592105263   -0.4605263158    1.0
        0.0394736842    0.0394736842   -0.4736842105    1.0
        0.0197368421    0.0197368421   -0.4868421053    1.0
        0.0000000000    0.0000000000   -0.5000000000    1.0
        0.0227272727    0.0113636364   -0.4886363636    1.0
        0.0454545455    0.0227272727   -0.4772727273    1.0
        0.0681818182    0.0340909091   -0.4659090909    1.0
        0.0909090909    0.0454545455   -0.4545454545    1.0
        0.1136363636    0.0568181818   -0.4431818182    1.0
        0.1363636364    0.0681818182   -0.4318181818    1.0
        0.1590909091    0.0795454545   -0.4204545455    1.0
        0.1818181818    0.0909090909   -0.4090909091    1.0
        0.2045454545    0.1022727273   -0.3977272727    1.0
        0.2272727273    0.1136363636   -0.3863636364    1.0
        0.2500000000    0.1250000000   -0.3750000000    1.0
        0.2727272727    0.1363636364   -0.3636363636    1.0
        0.2954545455    0.1477272727   -0.3522727273    1.0
        0.3181818182    0.1590909091   -0.3409090909    1.0
        0.3409090909    0.1704545455   -0.3295454545    1.0
        0.3636363636    0.1818181818   -0.3181818182    1.0
        0.3863636364    0.1931818182   -0.3068181818    1.0
        0.4090909091    0.2045454545   -0.2954545455    1.0
        0.4318181818    0.2159090909   -0.2840909091    1.0
        0.4545454545    0.2272727273   -0.2727272727    1.0
        0.4772727273    0.2386363636   -0.2613636364    1.0
        0.5000000000    0.2500000000   -0.2500000000    1.0
        0.4857142857    0.2428571429   -0.2428571429    1.0
        0.4714285714    0.2357142857   -0.2357142857    1.0
        0.4571428571    0.2285714286   -0.2285714286    1.0
        0.4428571429    0.2214285714   -0.2214285714    1.0
        0.4285714286    0.2142857143   -0.2142857143    1.0
        0.4142857143    0.2071428571   -0.2071428571    1.0
        0.4000000000    0.2000000000   -0.2000000000    1.0
        0.3857142857    0.1928571429   -0.1928571429    1.0
        0.3714285714    0.1857142857   -0.1857142857    1.0
        0.3571428571    0.1785714286   -0.1785714286    1.0
        0.3428571429    0.1714285714   -0.1714285714    1.0
        0.3285714286    0.1642857143   -0.1642857143    1.0
        0.3142857143    0.1571428571   -0.1571428571    1.0
        0.3000000000    0.1500000000   -0.1500000000    1.0
        0.2857142857    0.1428571429   -0.1428571429    1.0
        0.2714285714    0.1357142857   -0.1357142857    1.0
        0.2571428571    0.1285714286   -0.1285714286    1.0
        0.2428571429    0.1214285714   -0.1214285714    1.0
        0.2285714286    0.1142857143   -0.1142857143    1.0
        0.2142857143    0.1071428571   -0.1071428571    1.0
        0.2000000000    0.1000000000   -0.1000000000    1.0
        0.1857142857    0.0928571429   -0.0928571429    1.0
        0.1714285714    0.0857142857   -0.0857142857    1.0
        0.1571428571    0.0785714286   -0.0785714286    1.0
        0.1428571429    0.0714285714   -0.0714285714    1.0
        0.1285714286    0.0642857143   -0.0642857143    1.0
        0.1142857143    0.0571428571   -0.0571428571    1.0
        0.1000000000    0.0500000000   -0.0500000000    1.0
        0.0857142857    0.0428571429   -0.0428571429    1.0
        0.0714285714    0.0357142857   -0.0357142857    1.0
        0.0571428571    0.0285714286   -0.0285714286    1.0
        0.0428571429    0.0214285714   -0.0214285714    1.0
        0.0285714286    0.0142857143   -0.0142857143    1.0
        0.0142857143    0.0071428571   -0.0071428571    1.0
        0.0000000000    0.0000000000    0.0000000000    1.0
