#  E (eV)   dosup(E)     dosdw(E)   Int dos(E) EFermi =   13.904 eV
   8.000  0.4375E+00  0.4375E+00  0.2350E+02
   8.100  0.3224E+00  0.3224E+00  0.2357E+02
   8.200  0.4561E+00  0.4561E+00  0.2364E+02
   8.300  0.1115E+01  0.1115E+01  0.2379E+02
   8.400  0.1414E+01  0.1414E+01  0.2406E+02
   8.500  0.1630E+01  0.1630E+01  0.2437E+02
   8.600  0.1698E+01  0.1698E+01  0.2471E+02
   8.700  0.1878E+01  0.1878E+01  0.2507E+02
   8.800  0.2277E+01  0.2277E+01  0.2548E+02
   8.900  0.3837E+01  0.3837E+01  0.2601E+02
   9.000  0.4415E+01  0.4415E+01  0.2698E+02
   9.100  0.3311E+01  0.3311E+01  0.2777E+02
   9.200  0.2486E+01  0.2486E+01  0.2833E+02
   9.300  0.1956E+01  0.1956E+01  0.2877E+02
   9.400  0.1760E+01  0.1760E+01  0.2915E+02
   9.500  0.1801E+01  0.1801E+01  0.2950E+02
   9.600  0.1677E+01  0.1677E+01  0.2984E+02
   9.700  0.1698E+01  0.1698E+01  0.3018E+02
   9.800  0.1697E+01  0.1697E+01  0.3052E+02
   9.900  0.1599E+01  0.1599E+01  0.3085E+02
  10.000  0.1345E+01  0.1345E+01  0.3115E+02
  10.100  0.9169E+00  0.9169E+00  0.3138E+02
  10.200  0.6155E+00  0.6155E+00  0.3153E+02
  10.300  0.4921E+00  0.4921E+00  0.3164E+02
  10.400  0.4041E+00  0.4041E+00  0.3173E+02
  10.500  0.3100E+00  0.3100E+00  0.3180E+02
  10.600  0.2506E+00  0.2506E+00  0.3186E+02
  10.700  0.1942E+00  0.1942E+00  0.3190E+02
  10.800  0.1501E+00  0.1501E+00  0.3193E+02
  10.900  0.1140E+00  0.1140E+00  0.3196E+02
  11.000  0.7999E-01  0.7999E-01  0.3198E+02
  11.100  0.4334E-01  0.4334E-01  0.3199E+02
  11.200  0.1760E-01  0.1760E-01  0.3200E+02
  11.300  0.5501E-01  0.5501E-01  0.3200E+02
  11.400  0.1689E+00  0.1689E+00  0.3203E+02
  11.500  0.2868E+00  0.2868E+00  0.3207E+02
  11.600  0.4469E+00  0.4469E+00  0.3215E+02
  11.700  0.6708E+00  0.6708E+00  0.3225E+02
  11.800  0.1009E+01  0.1009E+01  0.3242E+02
  11.900  0.1789E+01  0.1789E+01  0.3269E+02
  12.000  0.2766E+01  0.2766E+01  0.3317E+02
  12.100  0.1716E+01  0.1716E+01  0.3361E+02
  12.200  0.1793E+01  0.1793E+01  0.3395E+02
  12.300  0.2218E+01  0.2218E+01  0.3435E+02
  12.400  0.2486E+01  0.2486E+01  0.3481E+02
  12.500  0.7145E+01  0.7145E+01  0.3578E+02
  12.600  0.7451E+01  0.7451E+01  0.3674E+02
  12.700  0.2395E+01  0.2395E+01  0.3785E+02
  12.800  0.1992E+01  0.1992E+01  0.3827E+02
  12.900  0.3075E+01  0.3075E+01  0.3871E+02
  13.000  0.5794E+01  0.5794E+01  0.3964E+02
  13.100  0.4378E+01  0.4378E+01  0.4064E+02
  13.200  0.3537E+01  0.3537E+01  0.4159E+02
  13.300  0.2701E+01  0.2701E+01  0.4208E+02
  13.400  0.3972E+01  0.3972E+01  0.4279E+02
  13.500  0.4350E+01  0.4350E+01  0.4363E+02
  13.600  0.3996E+01  0.3996E+01  0.4436E+02
  13.700  0.1074E+02  0.1074E+02  0.4560E+02
  13.800  0.1368E+02  0.1369E+02  0.4713E+02
  13.900  0.1095E-02  0.1095E-02  0.4800E+02
  14.000  0.0000E+00  0.0000E+00  0.4800E+02
  14.100  0.0000E+00  0.0000E+00  0.4800E+02
  14.200  0.0000E+00  0.0000E+00  0.4800E+02
  14.300  0.0000E+00  0.0000E+00  0.4800E+02
  14.400  0.0000E+00  0.0000E+00  0.4800E+02
  14.500  0.0000E+00  0.0000E+00  0.4800E+02
  14.600  0.0000E+00  0.0000E+00  0.4800E+02
  14.700  0.1250E-02  0.1250E-02  0.4800E+02
  14.800  0.1793E+00  0.1793E+00  0.4801E+02
  14.900  0.4463E+00  0.4463E+00  0.4807E+02
  15.000  0.9737E+00  0.9737E+00  0.4819E+02
  15.100  0.2145E+01  0.2145E+01  0.4851E+02
  15.200  0.3243E+01  0.3243E+01  0.4907E+02
  15.300  0.1417E+01  0.1417E+01  0.4960E+02
  15.400  0.2178E+01  0.2178E+01  0.4990E+02
  15.500  0.3197E+01  0.3197E+01  0.5049E+02
  15.600  0.2549E+01  0.2549E+01  0.5107E+02
  15.700  0.2042E+01  0.2042E+01  0.5152E+02
  15.800  0.1283E+01  0.1283E+01  0.5185E+02
  15.900  0.1853E+00  0.1853E+00  0.5199E+02
  16.000  0.0000E+00  0.0000E+00  0.5200E+02
  16.100  0.1370E-03  0.1369E-03  0.5200E+02
  16.200  0.8495E-03  0.8494E-03  0.5200E+02
  16.300  0.3117E-02  0.3117E-02  0.5200E+02
  16.400  0.7174E-02  0.7174E-02  0.5200E+02
  16.500  0.1302E-01  0.1302E-01  0.5200E+02
  16.600  0.1404E-01  0.1404E-01  0.5201E+02
  16.700  0.1972E-01  0.1972E-01  0.5201E+02
  16.800  0.2235E-01  0.2235E-01  0.5202E+02
  16.900  0.2473E-01  0.2473E-01  0.5202E+02
  17.000  0.2723E-01  0.2723E-01  0.5203E+02
  17.100  0.3165E-01  0.3165E-01  0.5203E+02
  17.200  0.4407E-01  0.4407E-01  0.5204E+02
  17.300  0.3954E-01  0.3954E-01  0.5205E+02
  17.400  0.4209E-01  0.4209E-01  0.5205E+02
  17.500  0.4487E-01  0.4487E-01  0.5206E+02
  17.600  0.4807E-01  0.4807E-01  0.5207E+02
  17.700  0.6283E-01  0.6283E-01  0.5208E+02
  17.800  0.5884E-01  0.5884E-01  0.5210E+02
  17.900  0.6248E-01  0.6248E-01  0.5211E+02
  18.000  0.6647E-01  0.6647E-01  0.5212E+02
  18.100  0.7053E-01  0.7053E-01  0.5213E+02
  18.200  0.7523E-01  0.7523E-01  0.5215E+02
  18.300  0.8786E-01  0.8786E-01  0.5217E+02
  18.400  0.8796E-01  0.8796E-01  0.5218E+02
  18.500  0.9314E-01  0.9314E-01  0.5220E+02
  18.600  0.9873E-01  0.9873E-01  0.5222E+02
  18.700  0.1044E+00  0.1044E+00  0.5224E+02
  18.800  0.1208E+00  0.1208E+00  0.5226E+02
  18.900  0.1223E+00  0.1223E+00  0.5229E+02
  19.000  0.1287E+00  0.1287E+00  0.5231E+02
